384.4285714
406.4285714
433.2857143
461.7142857
487.7142857
507.2857143
515
510.2857143
494.4285714
471.7142857
447
426.1428571
411.7142857
405.1428571
405.5714286
411.2857143
419.1428571
427.7142857
437.1428571
453
482.5714286
529
592.2857143
664.7142857
734.1428571
787.4285714
814.2857143
807
763.5714286
690
600.5714286
512.7142857
442
396.2857143
376.8571429
382.1428571
405.4285714
437
467.8571429
491.1428571
502.8571429
502.7142857
491.5714286
472
449.7142857
429.5714286
414.8571429
406.8571429
404.7142857
408
414.8571429
423.7142857
436.8571429
459.8571429
498
552.7142857
620.7142857
692.1428571
754
794.7142857
805.5714286
781
723.4285714
641.7142857
552.1428571
473.4285714
417.4285714
388.5714286
387
405.2857143
434.4285714
465.4285714
489.7142857
502.1428571
501.4285714
488
467.2857143
444.2857143
424
410.4285714
404.7142857
405.8571429
412
421
431
442.2857143
460.7142857
493.7142857
544.1428571
612.2857143
686.1428571
754.4285714
806.4285714
830.1428571
818.5714286
771.1428571
693.7142857
604.4285714
520.5714286
454.8571429
415.8571429
403
412.2857143
435.1428571
461.8571429
484.7142857
498.5714286
499.8571429
489.5714286
471.1428571
449.1428571
429.2857143
414.7142857
406.8571429
406
410.8571429
419.2857143
429.5714286
439
445.4285714
448.4285714
449.8571429
456.4285714
477.4285714
519.1428571
583
657.2857143
733
800.8571429
844.2857143
852
819.8571429
750.2857143
663.5714286
574.4285714
495
439
410.1428571
405.7142857
420
442.7142857
465.5714286
481.2857143
485.5714286
478.7142857
463.1428571
443.4285714
424.5714286
409.8571429
401.8571429
401.5714286
407.4285714
417.5714286
429.4285714
439.7142857
447.4285714
451.5714286
452.7142857
451
447.2857143
442
436.7142857
434.1428571
441.5714286
469.2857143
521.2857143
596.4285714
674
752
823.4285714
866.8571429
869
827.8571429
748.4285714
658.4285714
566.4285714
483.2857143
427.1428571
401.5714286
402.4285714
422.1428571
450
476.2857143
493.1428571
497.2857143
487.8571429
469.4285714
447.2857143
426.8571429
412.1428571
404.8571429
404.8571429
411.5714286
421.8571429
433.2857143
443.4285714
450.5714286
454.7142857
456
454.7142857
451.8571429
448
444.1428571
440.5714286
438
436.5714286
436
436.7142857
443.5714286
465.2857143
509.5714286
578.4285714
654.4285714
730.2857143
805.2857143
864.5714286
886.7142857
862.8571429
796.1428571
710.5714286
620.5714286
531.8571429
459.2857143
417.8571429
407.8571429
420.2857143
444.8571429
471.1428571
490.8571429
498.8571429
493.4285714
477.4285714
456.1428571
435
419
411
410.5714286
416.8571429
428
440.8571429
452.2857143
460.1428571
463.8571429
464.5714286
462.5714286
458.1428571
452.7142857
447.7142857
443.8571429
441.5714286
440.1428571
439.2857143
439.5714286
444.4285714
461.7142857
500.2857143
563.2857143
638.8571429
714.7142857
790.1428571
854.8571429
884.8571429
871
812.4285714
727.7142857
636.4285714
545.5714286
467.1428571
419.7142857
403.8571429
415.1428571
441.8571429
472.8571429
498
510.7142857
509
494
470
443.8571429
421.7142857
407.2857143
402.4285714
405.5714286
414.8571429
427.4285714
440.5714286
451.4285714
458.8571429
461.5714286
460.7142857
456.8571429
451.1428571
444.8571429
439
433.8571429
430
427.4285714
428.1428571
437.2857143
464.1428571
515.1428571
591.2857143
669.1428571
747
822.7142857
874.4285714
884.1428571
847.2857143
767.2857143
674.8571429
579.5714286
488.7142857
422.8571429
393
394.1428571
418.4285714
453.5714286
487.4285714
510.4285714
518
508.7142857
487.7142857
460.2857143
433.1428571
412.2857143
400.7142857
398.1428571
402.8571429
412.4285714
424.1428571
436
445.4285714
451
453.1428571
452.4285714
449.4285714
445.4285714
440.5714286
435.8571429
432.2857143
432
441.5714286
470.7142857
524.5714286
602
679.5714286
757
832.1428571
882.8571429
889.7142857
849
766.1428571
672.1428571
575.1428571
482.8571429
416
387
390.4285714
417.5714286
455.5714286
492.7142857
519.8571429
531
524.5714286
505.8571429
481.1428571
457.2857143
438.8571429
427.8571429
424.7142857
427.5714286
434.2857143
442.4285714
449.5714286
454.2857143
456.5714286
456.5714286
454.5714286
450.4285714
444.8571429
439.2857143
436.8571429
444.8571429
473.4285714
528.4285714
605
682.8571429
761.1428571
837.1428571
882.2857143
881
830.2857143
742.5714286
645.2857143
546.7142857
454
392.5714286
369.2857143
380.5714286
414.1428571
458
499.4285714
527.5714286
537.1428571
528.1428571
503.1428571
470.5714286
437.4285714
409.7142857
392.7142857
387.5714286
393
406.5714286
424.2857143
442.7142857
459.1428571
471.1428571
477.4285714
477.7142857
473.7142857
472.1428571
483.7142857
517.8571429
578.1428571
649.5714286
723.2857143
798.2857143
860
884.7142857
864.4285714
796.8571429
706.2857143
609.1428571
513.1428571
433.2857143
386.7142857
373.7142857
391.1428571
425.7142857
465.4285714
499.1428571
518.7142857
521.8571429
509
484.7142857
456.1428571
430.2857143
411.2857143
401.8571429
401
407
417.1428571
428
437.1428571
442.7142857
444
441.4285714
438
441
461.8571429
508.2857143
582.5714286
659.8571429
738.7142857
816.5714286
878.5714286
899.2857143
873
801.5714286
715.8571429
623.5714286
531.1428571
451.5714286
403.4285714
384.7142857
390
410
435.1428571
457
469.7142857
469.7142857
458.5714286
440.7142857
421.5714286
404.8571429
393.5714286
389.1428571
391.7142857
399.8571429
410.7142857
421.4285714
431
438.1428571
442.5714286
443.4285714
440.8571429
435.7142857
430.8571429
433.1428571
453.1428571
497.5714286
567.4285714
645.7142857
725.4285714
801.2857143
848
855.1428571
818.2857143
742.2857143
650.2857143
555
465
402.4285714
369.2857143
363.7142857
378.5714286
404.4285714
433
456.7142857
471
473.7142857
465.4285714
449
429.2857143
410.7142857
396.4285714
388.8571429
388.5714286
394.5714286
404.8571429
416.7142857
427.2857143
434.7142857
437.5714286
436
430.7142857
423
414.7142857
409.4285714
414.7142857
439.5714286
488.4285714
559.5714286
641.5714286
723.8571429
791.2857143
831.1428571
832.5714286
794.2857143
722.8571429
634.2857143
543
466.1428571
412.7142857
386.2857143
383.1428571
396.2857143
418.4285714
442.1428571
461.1428571
471.4285714
471.1428571
461.7142857
445.7142857
427.2857143
410
396.4285714
388.5714286
387.7142857
392.8571429
402.2857143
413.1428571
423.8571429
433
439.1428571
441.4285714
439.7142857
435.2857143
429.8571429
424.5714286
420.7142857
421.2857143
432.4285714
461.4285714
511
579
657.1428571
732.7142857
794.2857143
830.2857143
831.7142857
798.4285714
735.8571429
656.5714286
576
506.2857143
455.8571429
428
420.2857143
427.5714286
443.1428571
461.7142857
477.8571429
487.2857143
488.7142857
482.2857143
470
455.1428571
440.7142857
429.5714286
423.7142857
423.1428571
426.7142857
433.4285714
441.5714286
449.2857143
455.5714286
459.7142857
461.2857143
461
459
455.4285714
451.2857143
449.1428571
454.8571429
476.1428571
516.4285714
576.2857143
649.1428571
722.8571429
785.4285714
824.8571429
831.8571429
802.7142857
742.5714286
663.4285714
581.8571429
510.8571429
459.2857143
430.2857143
422.8571429
430.7142857
446.4285714
463
475.4285714
480.2857143
476.7142857
466
450.4285714
433.8571429
420
411.8571429
409.7142857
413.2857143
421.7142857
432
442
449.8571429
453.8571429
454.7142857
452.5714286
448.4285714
444.2857143
440.5714286
437.4285714
435.2857143
434.2857143
437
448.7142857
476.5714286
524
590.5714286
667.2857143
743.1428571
805.8571429
842.7142857
846.8571429
816.8571429
757.1428571
680.8571429
602.1428571
533.5714286
484.1428571
454.8571429
444.1428571
447.1428571
458
471
482
487.7142857
486.4285714
478.2857143
465.1428571
449.4285714
434.1428571
422.2857143
415.2857143
412.7142857
413.7142857
417.2857143
422.8571429
429
434.5714286
439.4285714
444.7142857
451.2857143
460
471.1428571
484.5714286
500
520.7142857
552
598.2857143
659.4285714
723.8571429
786
841.5714286
876
878.7142857
849
789.1428571
714
632.5714286
550.5714286
481.1428571
430.2857143
395.7142857
375.1428571
365.4285714
363.1428571
366.2857143
372.4285714
380
387.1428571
393
397.1428571
399.8571429
401.4285714
403.1428571
405.2857143
407.7142857
410.5714286
413.5714286
416.5714286
419
420.1428571
420.4285714
420.8571429
421.4285714
422.7142857
428.1428571
443.2857143
474.4285714
523.4285714
588.7142857
662.2857143
733.5714286
790.1428571
822
822.5714286
790.8571429
730.8571429
655.2857143
577.5714286
510
459.8571429
429.5714286
418
421.4285714
433.2857143
448.1428571
461.1428571
469
469.4285714
462.2857143
449.2857143
433.8571429
419.5714286
409.2857143
404.2857143
404.5714286
409.8571429
418.5714286
428.2857143
437
443.2857143
446.8571429
449.7142857
457
475.7142857
511.5714286
565.8571429
634.1428571
703.7142857
762.2857143
798.2857143
803.8571429
775.4285714
716.8571429
637.5714286
554.1428571
480.2857143
425.2857143
393
381.7142857
386.4285714
401.7142857
421.4285714
440.4285714
454.4285714
460.1428571
458.5714286
450.8571429
439.1428571
426.5714286
415.4285714
408
405.5714286
407.8571429
413.5714286
420.8571429
428.2857143
435.1428571
440.4285714
443
442.5714286
441.2857143
444.5714286
460.5714286
495.8571429
553.1428571
628.1428571
705
780.1428571
837.1428571
861.5714286
849.8571429
801.2857143
725.4285714
643.1428571
560.8571429
494
451.5714286
431.4285714
430.8571429
443
460.4285714
476.4285714
486.8571429
488.5714286
481.1428571
466.7142857
449
432.4285714
419.7142857
411.8571429
409.4285714
412.5714286
419.5714286
428.5714286
437.4285714
444.8571429
449.7142857
452.1428571
454
461.8571429
485
532.1428571
602.2857143
676.1428571
751
824.5714286
876.4285714
891.4285714
863
795.5714286
714.5714286
628
541.7142857
474.4285714
434
418.7142857
423.8571429
441.8571429
464.2857143
483.1428571
492.8571429
491
478.7142857
459.1428571
436.4285714
415.2857143
399
389.7142857
388.1428571
392.8571429
402.1428571
413.1428571
423.4285714
431.7142857
436.7142857
437.8571429
435.8571429
432.7142857
434.8571429
452.5714286
494.2857143
563.1428571
640.8571429
719.5714286
798
865.4285714
893.4285714
874.5714286
809
722.4285714
629.2857143
536.1428571
453.1428571
402
382.2857143
389.8571429
413.4285714
442.2857143
467.4285714
482.7142857
485
474.8571429
454.8571429
430.7142857
408.4285714
391.7142857
382.2857143
380.7142857
386.1428571
396.4285714
409.4285714
422.1428571
432.4285714
439.7142857
443.4285714
443.1428571
440
435.1428571
430
425.7142857
426.7142857
441.5714286
480.1428571
546.8571429
625.8571429
704.8571429
783.5714286
857.7142857
901.5714286
896.2857143
840.5714286
755.2857143
660.1428571
563.7142857
472.1428571
406.5714286
377.2857143
379.4285714
403.2857143
437.1428571
468.8571429
490.1428571
497
489.4285714
470.4285714
445.7142857
420.4285714
399.8571429
387.1428571
382.8571429
385.7142857
393.5714286
404.4285714
416
425.8571429
432.4285714
435.4285714
435.1428571
432.8571429
429.5714286
426
422.4285714
420.1428571
424.1428571
443.7142857
486.8571429
556.7142857
635.2857143
714.2857143
792.8571429
859
885.7142857
864.5714286
794.8571429
702.8571429
605.7142857
511.1428571
432.2857143
389.2857143
381.4285714
403.1428571
440
479.1428571
509.5714286
524.1428571
521.2857143
502.8571429
474
443.4285714
417.7142857
400.8571429
393.5714286
394.5714286
401.5714286
411.2857143
421
428.1428571
432.1428571
433.5714286
432.5714286
430
426.7142857
422.8571429
420.7142857
425.5714286
446.1428571
490.1428571
559.4285714
638.5714286
718.4285714
797.1428571
852.1428571
865.8571429
833.8571429
758.7142857
663
563.4285714
467.2857143
397
364.1428571
365.5714286
393.2857143
435.5714286
479.5714286
514.7142857
534
534.8571429
519
492.2857143
461.2857143
433.1428571
412.2857143
400.8571429
399.2857143
405.2857143
416.5714286
430.4285714
443.5714286
453.4285714
459.2857143
464.7142857
478.5714286
509.2857143
560.7142857
631.2857143
703.2857143
776.8571429
831.1428571
853.2857143
834.4285714
774.1428571
681.5714286
583.1428571
487.4285714
417
380.8571429
378
402.4285714
442.2857143
485.1428571
518.8571429
536.1428571
533.8571429
515.1428571
485.7142857
453.7142857
426.2857143
407.7142857
399.5714286
400.5714286
408.4285714
420
432.1428571
442.8571429
454.4285714
474.5714286
514.2857143
575.8571429
648.7142857
721.2857143
793.5714286
855.1428571
882.8571429
864.7142857
801
709.8571429
611.1428571
513.5714286
431.4285714
383.8571429
372.1428571
391.1428571
428.7142857
471.8571429
508.4285714
530.1428571
532.7142857
516.7142857
488.4285714
455.8571429
426.7142857
405.5714286
394.4285714
393.5714286
401.7142857
414.8571429
429.4285714
442.8571429
458
483.4285714
527.2857143
594.5714286
666.8571429
738.5714286
810
871
893.4285714
868.5714286
795.4285714
699.4285714
597.5714286
498.4285714
414.8571429
369.7142857
362.8571429
387.4285714
432
480.1428571
518.5714286
537.4285714
534.7142857
512.8571429
478.1428571
438.7142857
403.7142857
379.5714286
369.8571429
372.2857143
384.1428571
401.2857143
419.2857143
433.5714286
444.1428571
457.1428571
483.4285714
530.4285714
600.1428571
672.8571429
747.1428571
821.2857143
865.2857143
867.8571429
823.4285714
737
636.7142857
533.4285714
434.2857143
368.2857143
338.1428571
340.4285714
365.5714286
401.8571429
437.2857143
462.2857143
470.4285714
461.4285714
440.5714286
414.7142857
390
371.4285714
361.5714286
360.5714286
367.4285714
378.8571429
391.2857143
403.1428571
412.7142857
419.1428571
423
425
431.8571429
453.2857143
498
564.4285714
642
719.5714286
784
822.8571429
826.1428571
786.1428571
710.7142857
616.5714286
520.2857143
439.4285714
383.5714286
355.4285714
353.8571429
370.8571429
397.8571429
426.5714286
448.7142857
460
459
447.2857143
428.5714286
408.4285714
391.2857143
381.1428571
379.1428571
385.1428571
397.4285714
414.5714286
433.1428571
451
466
477.5714286
485.7142857
494
509.1428571
538.4285714
585.5714286
647.4285714
713
769.2857143
804.7142857
808.1428571
777
714.8571429
633
549.1428571
480.4285714
436.7142857
421.4285714
427.4285714
444.2857143
461.4285714
471.4285714
471.7142857
463.4285714
450.1428571
437
427.7142857
424.2857143
426.2857143
430.8571429
434.7142857
435.5714286
433.2857143
430
427.7142857
427.5714286
429.4285714
433
436.5714286
437.5714286
433.4285714
425.2857143
420.4285714
428
454.2857143
499.2857143
558.1428571
621.7142857
679.5714286
719
729.8571429
706.8571429
655.4285714
587.1428571
518.8571429
463.8571429
430.4285714
420.2857143
431.7142857
457
486.5714286
510.2857143
522
519.8571429
505.7142857
483.2857143
457.7142857
434.7142857
418.1428571
410.1428571
410
416.1428571
425.8571429
436.5714286
445.5714286
451.4285714
455
461
476.5714286
508.2857143
558.7142857
622.4285714
689.7142857
748.1428571
786.1428571
793.4285714
768.8571429
714.7142857
642.2857143
566.5714286
502.2857143
459.1428571
441.5714286
444.7142857
462.4285714
486.1428571
507.4285714
520.4285714
522
512
492.4285714
467.8571429
443.7142857
425.1428571
414.7142857
413
418.1428571
427.1428571
437
447.2857143
460.1428571
481.7142857
516.7142857
567.5714286
631.4285714
699.4285714
760
800.4285714
812.2857143
792.2857143
741
667.1428571
584.5714286
508.4285714
451.8571429
418.1428571
405.2857143
410.1428571
425.8571429
445.7142857
463.4285714
473.7142857
474.4285714
467
453.7142857
438.4285714
425
415.4285714
411.4285714
413.4285714
420.2857143
429.8571429
440.2857143
452.7142857
472.5714286
505.4285714
552.5714286
611.4285714
674
729.7142857
768.4285714
781.4285714
763.7142857
717
648.2857143
570.7142857
499.2857143
445
412.5714286
402
408.5714286
425.5714286
446.2857143
464.2857143
474.7142857
475.8571429
467.8571429
454
438
423.1428571
413.1428571
409.1428571
410.2857143
415
421
427.1428571
432.2857143
434.8571429
435.7142857
436.8571429
445
467.2857143
506.8571429
563.2857143
629.2857143
694.2857143
747.8571429
778.7142857
780.1428571
749.7142857
691.7142857
617.5714286
542.5714286
479.4285714
435.8571429
413.1428571
409.7142857
419.8571429
436.8571429
453.4285714
465
468.8571429
464.4285714
453.2857143
438.7142857
424.4285714
413.5714286
407.1428571
405.4285714
407.2857143
411.7142857
417.2857143
422.8571429
427.4285714
430.8571429
432.7142857
434.1428571
435
435.1428571
435.2857143
439.5714286
454.2857143
485.2857143
535
598
665
725.8571429
770.1428571
789
778.4285714
737.1428571
675.1428571
605.8571429
541.5714286
491.5714286
459.7142857
444.7142857
444.5714286
453.7142857
466.4285714
478.4285714
486
487.2857143
482.4285714
472.1428571
458.5714286
445
433.7142857
425.8571429
421.8571429
421.4285714
424.2857143
429.1428571
434.5714286
439.4285714
443
444.8571429
445
443.2857143
440.4285714
437.1428571
434.1428571
432.4285714
432.2857143
434.8571429
445.7142857
472.4285714
516.8571429
578.1428571
648.8571429
718.8571429
777.8571429
815.1428571
821.5714286
797.4285714
745.4285714
676.5714286
605.7142857
544.8571429
501.7142857
478.4285714
471.8571429
478.1428571
491.2857143
504.5714286
513.8571429
516.2857143
510.8571429
498.5714286
482.1428571
464.8571429
449.7142857
438.5714286
431.8571429
429.5714286
431.1428571
435
439.5714286
443.7142857
446.4285714
447.8571429
448.1428571
447
445.1428571
443
441.2857143
440
439.4285714
440.7142857
447
463.7142857
497
549.7142857
620
695.2857143
768.8571429
826.7142857
859.2857143
858.7142857
823.1428571
759
683.4285714
605.7142857
541.2857143
496.2857143
472.8571429
468.5714286
476.8571429
490.5714286
503.2857143
508.2857143
503.5714286
489.4285714
467.8571429
442.5714286
417.8571429
398
386.4285714
384
389.7142857
401.4285714
416.1428571
431.4285714
445
455.2857143
460.8571429
461.8571429
459.7142857
455.8571429
450.8571429
445.2857143
441.5714286
444.8571429
463.2857143
503.5714286
567
643.2857143
720.2857143
796.1428571
856.8571429
884
868.7142857
813.5714286
733.8571429
647.5714286
560.5714286
486.2857143
437.4285714
417.1428571
420.1428571
438.4285714
462.5714286
483.4285714
495.5714286
496.4285714
485.7142857
466.7142857
444
422.8571429
407.5714286
400
399.8571429
405.8571429
415.4285714
426.2857143
436.1428571
443.2857143
447.4285714
448.4285714
446.8571429
444
440.4285714
437
434.4285714
432.8571429
432.5714286
434.1428571
438.5714286
452
483.4285714
538.8571429
615.2857143
691.4285714
766.4285714
838.7142857
898.7142857
918.1428571
892.2857143
825.8571429
746.2857143
660
572.5714286
491.7142857
439
413.2857143
412
426
447.1428571
467.1428571
480
482.8571429
475.8571429
460.5714286
442
423.4285714
409.5714286
402.5714286
402.5714286
408.5714286
419
431
442.1428571
449.5714286
452.4285714
451.5714286
447.8571429
442.2857143
436.2857143
430.8571429
427
424.7142857
424.2857143
428
442.5714286
477.1428571
536.5714286
614.2857143
692.1428571
769.2857143
843.2857143
888.1428571
888.1428571
840.4285714
757
664.1428571
568.8571429
477
412.1428571
380.4285714
378.8571429
399.2857143
430.5714286
461.7142857
484.2857143
493.1428571
488.8571429
473.4285714
451.1428571
427.5714286
408
395.4285714
390.7142857
393.2857143
400.8571429
411
421.5714286
431
437.8571429
441.2857143
441.4285714
440
437.8571429
434.7142857
431.1428571
429.1428571
434.4285714
456.1428571
500.5714286
568.8571429
646.5714286
724.4285714
801.4285714
853.2857143
866.1428571
834.1428571
760.5714286
667.2857143
570.1428571
475.7142857
407.2857143
372.8571429
370.1428571
391.2857143
424.8571429
460.2857143
488.5714286
503.7142857
502.8571429
488.1428571
465
440
418.7142857
404.2857143
398.7142857
401.4285714
411
424.4285714
438.7142857
451.1428571
460.2857143
465.4285714
466.1428571
463
457
448.8571429
441
437.8571429
447.5714286
479
534.7142857
610.8571429
689.4285714
765.8571429
822
845
827
769.1428571
681.4285714
587.7142857
497.2857143
429.7142857
392.5714286
385.2857143
402.7142857
434
469.5714286
500.1428571
518.7142857
522.7142857
513.8571429
495.5714286
474.2857143
454.8571429
441.1428571
435.2857143
436.5714286
442.4285714
450.4285714
458.4285714
464.7142857
467.5714286
467.2857143
464.8571429
460.8571429
455.5714286
450.5714286
451
465
499
552.8571429
622.2857143
695
757.5714286
797.1428571
802.2857143
769.8571429
706.2857143
622.1428571
535.2857143
461.7142857
412.1428571
391.7142857
396.1428571
416.4285714
443.4285714
467.8571429
484.1428571
489.5714286
483.5714286
468
447
425.5714286
409
399.2857143
397.1428571
401.8571429
411.8571429
424.5714286
437.2857143
447.1428571
453.2857143
455.2857143
453.8571429
452.2857143
458.1428571
479.8571429
524.5714286
588.5714286
662.4285714
733
787.5714286
814.4285714
806.4285714
760.5714286
685.8571429
597.5714286
513.5714286
448.7142857
410.7142857
399.7142857
411
436.2857143
465.8571429
491.7142857
506.8571429
509.4285714
500.2857143
483.4285714
464.2857143
447.8571429
437
433.2857143
435.8571429
442.7142857
451.1428571
458.8571429
466.8571429
480.5714286
508.5714286
552.8571429
612.8571429
680.5714286
744.5714286
793
815.4285714
803.5714286
757.2857143
682.7142857
593.8571429
508.1428571
439.8571429
396.5714286
379.4285714
385.4285714
406.5714286
434.4285714
460.8571429
480
488.8571429
486.8571429
476.4285714
463
450.5714286
442.5714286
440.2857143
443.1428571
449.7142857
457.5714286
464
468.7142857
475.8571429
493.7142857
529.2857143
584.7142857
654.7142857
725.8571429
786.7142857
825.8571429
833.7142857
805.7142857
744
659.4285714
571.2857143
495.2857143
441.7142857
413.4285714
408.5714286
421.1428571
444.5714286
470.4285714
490.5714286
500.7142857
499.5714286
488.7142857
472
453.4285714
437.2857143
427.5714286
424.8571429
428.1428571
435.5714286
444.7142857
453.2857143
459.5714286
464.5714286
473.2857143
493.7142857
531.1428571
585.8571429
651
714.8571429
765.5714286
792
785.2857143
745
677.2857143
593.8571429
511.4285714
444.5714286
402
385.7142857
389.5714286
406.1428571
428.4285714
449.2857143
463
466.8571429
461.7142857
450.5714286
436.5714286
423.4285714
414
409.7142857
410.4285714
415.4285714
423.2857143
432.2857143
440.7142857
447.5714286
452.5714286
455.5714286
457.1428571
462.5714286
480.2857143
516.7142857
574.8571429
644.5714286
713.1428571
768.5714286
800.5714286
801.8571429
768.7142857
703.1428571
620.2857143
537.1428571
468.2857143
422.8571429
400.4285714
398.4285714
410.1428571
428.2857143
446.8571429
460.2857143
464.7142857
460.8571429
450.5714286
437.2857143
425.2857143
417
414.5714286
417.7142857
424.2857143
432.8571429
441.5714286
447.8571429
451
450
445.4285714
439
431.2857143
424.5714286
423.4285714
435
467.2857143
521.8571429
593.8571429
671.5714286
741.2857143
788.7142857
805.8571429
787
734.5714286
657.7142857
571.2857143
491.5714286
432.7142857
398
385.8571429
391.1428571
407.7142857
429.1428571
448.5714286
461
464
458.4285714
447.2857143
433.8571429
422.1428571
415.5714286
415.7142857
422
432.8571429
445.2857143
456.8571429
466.2857143
472.7142857
475.4285714
475.1428571
471.8571429
467.2857143
465.4285714
472.8571429
497.1428571
541.1428571
602.4285714
672.7142857
739.4285714
789.2857143
811.5714286
800.4285714
755
684.7142857
602.7142857
525.1428571
465.4285714
429.7142857
416.4285714
422.5714286
439.1428571
459.5714286
477.5714286
488.4285714
490.1428571
483.2857143
470.7142857
455.7142857
441.8571429
431.5714286
426.1428571
425.4285714
428.5714286
434
440.5714286
446.8571429
451.8571429
455.1428571
456.5714286
456.4285714
455.2857143
455.5714286
462.5714286
483.7142857
524.7142857
583
651.5714286
718.8571429
773.1428571
804.1428571
805.4285714
773
713.5714286
638.2857143
561.8571429
497
451.8571429
427.4285714
422.1428571
430.5714286
446.5714286
464.1428571
478.2857143
485.4285714
484
475.5714286
462.5714286
448.1428571
435.5714286
426.8571429
422.4285714
422.1428571
424.8571429
429.1428571
433.8571429
438.2857143
441.2857143
442.5714286
442.5714286
441.4285714
439.5714286
437.4285714
436.1428571
440.4285714
456.2857143
489.4285714
539.8571429
604.1428571
671.2857143
729.8571429
769.4285714
782.8571429
764.2857143
716.7142857
648.2857143
573.2857143
505.5714286
453.8571429
421.8571429
410.1428571
414.4285714
428.1428571
445.5714286
461
470.5714286
472.1428571
465.8571429
454
439.7142857
426
415.4285714
409.7142857
408.8571429
411.7142857
416.8571429
422.8571429
428.1428571
431.7142857
433.5714286
434.1428571
433.5714286
432.2857143
430.2857143
428.2857143
427.1428571
427.5714286
432.1428571
446.8571429
477
526.1428571
588.7142857
655.4285714
715.4285714
759.1428571
778.1428571
768.7142857
729.2857143
669.7142857
602.1428571
539.5714286
491.2857143
461.4285714
448.5714286
450
460.4285714
474.1428571
486.4285714
493.4285714
493.4285714
486.2857143
474.2857143
459.5714286
445.4285714
434.5714286
428.7142857
427.5714286
430.7142857
436.1428571
442
447.7142857
452
454.2857143
454.5714286
453
450.2857143
447.2857143
444
443
449.1428571
468.8571429
504.8571429
557
620.1428571
683.2857143
735.5714286
768
773.8571429
751.4285714
703.7142857
639.4285714
572.7142857
515
473.4285714
450.1428571
443.5714286
449.4285714
462.1428571
476.1428571
487.1428571
492
489.7142857
481.4285714
469.2857143
456.2857143
445.2857143
437.8571429
434.7142857
435.4285714
439
444.4285714
449.8571429
454.4285714
457.7142857
459.4285714
459.7142857
459
457.2857143
455.1428571
453.4285714
455.7142857
467.7142857
495
539.5714286
599
665.5714286
728
775.4285714
798.5714286
792.8571429
757.2857143
698.5714286
628.2857143
561.1428571
506.8571429
470.8571429
453.2857143
452.2857143
462
476.5714286
489.8571429
498.1428571
499.4285714
493.1428571
481
466
451.2857143
440.2857143
434
432.4285714
434.5714286
439.2857143
445.2857143
451.1428571
455.2857143
457.8571429
458.7142857
458.1428571
456.2857143
453.5714286
452.1428571
457
475.7142857
512.7142857
568.8571429
638.4285714
710.5714286
773.2857143
813
822
797.5714286
741.5714286
664.4285714
581.5714286
507.5714286
454.5714286
424.4285714
415.7142857
424.5714286
443.1428571
464
480.8571429
489.4285714
488.4285714
478.8571429
463.4285714
446.1428571
431.1428571
420.5714286
415.5714286
416.5714286
422
429.8571429
438.8571429
446.8571429
452.7142857
455.8571429
455.8571429
453.7142857
452.8571429
460.4285714
482.7142857
521.8571429
575.5714286
635.5714286
692
734.2857143
752.7142857
740.8571429
700
636.8571429
564.4285714
496.8571429
445.2857143
414.2857143
404.8571429
412.4285714
431
453.2857143
472.2857143
483.5714286
485.4285714
478.4285714
466
451.1428571
436.8571429
426.2857143
421
421
425.4285714
432.1428571
439.7142857
447.4285714
453.4285714
457
458
457.5714286
460.4285714
472.8571429
500.1428571
543.4285714
599.2857143
658.5714286
710
744
753.4285714
734.4285714
689.2857143
625.7142857
556.7142857
496.4285714
453.1428571
429.2857143
424
433.4285714
450.7142857
469.8571429
485.2857143
493.2857143
493
484.8571429
471.2857143
456.4285714
443.5714286
434.8571429
431.1428571
432.1428571
436.7142857
443.2857143
450.4285714
457
462.1428571
465.4285714
466.2857143
464.8571429
463
464.8571429
477
504.1428571
547.8571429
604.1428571
664.4285714
717.8571429
754.4285714
765.8571429
748.7142857
705.5714286
644.7142857
578.7142857
520
476.7142857
452
444.5714286
449.5714286
461.4285714
474.5714286
484.4285714
488.5714286
486.1428571
478.4285714
467.1428571
454.8571429
444.4285714
437.7142857
435.2857143
436.7142857
441
447.2857143
454
459.7142857
464
466.2857143
466.4285714
464.5714286
461.7142857
460.1428571
464.5714286
482.5714286
517
568.2857143
629.8571429
691
741.1428571
771.1428571
773.1428571
745.4285714
691.8571429
623
553.2857143
495.4285714
456.8571429
439
439.5714286
452.2857143
470.2857143
487.4285714
498.7142857
501.2857143
495
482.2857143
466.8571429
452.4285714
441.2857143
435
434
437.4285714
443.7142857
450.7142857
457.2857143
462.7142857
466.2857143
467.8571429
467.1428571
464.5714286
461.1428571
458.2857143
459.8571429
472.2857143
500.4285714
545.5714286
605
667.7142857
722.5714286
759.1428571
769.7142857
750.2857143
703.2857143
635.8571429
562.8571429
498
450.8571429
425.2857143
419.8571429
429.1428571
446.4285714
465.4285714
480.7142857
488.5714286
487.4285714
478.4285714
464.8571429
450.2857143
438
429.7142857
426.7142857
428.1428571
433.2857143
440.5714286
448.4285714
455.7142857
461.8571429
465.8571429
467.4285714
468.4285714
473.4285714
489.7142857
521.7142857
570.8571429
632.7142857
697.5714286
754.2857143
791.5714286
800.2857143
776.2857143
722.1428571
648
569.2857143
500.4285714
451.1428571
425
421.1428571
434
455.4285714
477.1428571
492.7142857
499.1428571
495.7142857
484
467.1428571
449.8571429
436.4285714
428.7142857
427.2857143
430.4285714
436.5714286
443.5714286
449.5714286
453.2857143
454.8571429
457.7142857
469
495.8571429
540.5714286
600.5714286
667
727.7142857
771.8571429
790.2857143
777.5714286
733.8571429
666.5714286
589
517.2857143
462.2857143
429
417.4285714
423.5714286
440.2857143
460.5714286
477.8571429
487.5714286
487.4285714
477.8571429
462.7142857
446
431.5714286
422.1428571
418.8571429
421.7142857
428.7142857
437.7142857
446.4285714
453.2857143
458.1428571
463.8571429
477.1428571
504.7142857
551
610.7142857
674.2857143
730.7142857
770
783.2857143
764.7142857
713.8571429
641.2857143
561.8571429
490.5714286
437.5714286
406.4285714
397
404.2857143
421.8571429
442.1428571
458.5714286
467.1428571
467
459
446.2857143
431.8571429
419.7142857
412.1428571
410.1428571
413.4285714
420.2857143
428.5714286
436.5714286
443
446.8571429
448
448
452.2857143
468.8571429
503.2857143
556
620.8571429
687
742.7142857
777.4285714
781.4285714
752.4285714
694.2857143
618.4285714
540.5714286
474.7142857
429.2857143
408.1428571
408
422.5714286
444.7142857
466.8571429
483.7142857
491.8571429
490.1428571
480.2857143
465.2857143
449.1428571
435.2857143
426.2857143
423
425
430.4285714
437.7142857
445.1428571
452.7142857
463
481.8571429
513.5714286
559.2857143
614.2857143
669.7142857
714.4285714
739.8571429
739.8571429
711.5714286
658.1428571
589.5714286
519
460.7142857
422.4285714
405
407
422.8571429
444.7142857
466.1428571
482.1428571
489.2857143
487.1428571
477.7142857
464
450.4285714
440.2857143
435.2857143
435.5714286
440.2857143
447.2857143
454.8571429
461.4285714
465.7142857
468.7142857
476
494.7142857
528.8571429
580.1428571
639.5714286
697.1428571
742.2857143
765.7142857
761.8571429
728.2857143
668.2857143
595.5714286
524.4285714
466.8571429
430.2857143
413.8571429
415.8571429
430.1428571
449.8571429
469
483
488.4285714
485
476.7142857
465.5714286
454
